FSM 0
6 24
1 2 a 0
1 3 b 0
1 4 c 1
1 1 d 0
4 4 a 1
4 4 b 1
4 4 c 1
4 4 d 1
3 5 a 0
3 3 b 0
3 4 c 1
3 1 d 0
5 5 a 0
5 5 b 0
5 6 c 2
5 1 d 0
2 2 a 0
2 5 b 0
2 4 c 1
2 1 d 0
6 4 a 1
6 4 b 1
6 4 c 1
6 1 d 0

FSM 0
6 84
1 1 a 0
1 1 b 0
1 1 c 0
1 1 d 1
1 1 e 0
1 1 f 0
1 1 g 0
1 1 h 1
1 2 i 2
1 1 j 0
1 1 k 3
1 1 l 0
1 1 m 3
1 1 n 3
2 2 a 4
2 2 b 4
2 2 c 4
2 2 d 2
2 2 e 4
2 2 f 4
2 2 g 4
2 2 h 1
2 2 i 2
2 2 j 4
2 2 k 2
2 3 l 2
2 2 m 5
2 2 n 4
3 2 a 6
3 2 b 6
3 4 c 7
3 3 d 2
3 2 e 4
3 2 f 6
3 5 g 8
3 2 h 1
3 2 i 2
3 5 j 8
3 3 k 2
3 2 l 4
3 2 m 5
3 6 n 2
4 2 a 4
4 2 b 4
4 2 c 4
4 2 d 4
4 2 e 4
4 2 f 4
4 2 g 4
4 2 h 4
4 2 i 2
4 2 j 4
4 2 k 4
4 2 l 4
4 2 m 4
4 2 n 4
5 2 a 9
5 4 b 7
5 2 c 6
5 2 d 4
5 2 e 4
5 4 f 7
5 2 g 6
5 2 h 4
5 2 i 2
5 2 j 9
5 2 k 4
5 2 l 4
5 2 m 4
5 2 n 4
6 2 a 6
6 2 b 6
6 4 c 7
6 6 d 2
6 2 e 4
6 2 f 6
6 5 g 8
6 2 h 1
6 2 i 2
6 5 j 8
6 6 k 2
6 2 l 4
6 2 m 5
6 2 n 4

FSM 0
35 595
1 1 a 0
1 1 b 1
1 1 c 1
1 1 d 1
1 1 e 1
1 1 f 1
1 1 g 1
1 1 h 1
1 2 i 1
1 3 j 1
1 4 k 1
1 5 l 1
1 6 m 1
1 7 n 1
1 8 o 1
1 9 p 1
1 1 q 0
10 10 a 0
10 10 b 0
10 10 c 0
10 10 d 0
10 10 e 0
10 10 f 0
10 10 g 0
10 10 h 0
10 10 i 0
10 10 j 0
10 10 k 0
10 10 l 0
10 10 m 0
10 10 n 0
10 10 o 0
10 10 p 0
10 10 q 0
2 2 a 0
2 2 b 1
2 2 c 1
2 2 d 1
2 2 e 1
2 2 f 1
2 2 g 1
2 2 h 1
2 10 i 0
2 10 j 0
2 10 k 0
2 10 l 0
2 10 m 0
2 10 n 0
2 10 o 0
2 10 p 0
2 11 q 2
3 3 a 0
3 3 b 1
3 3 c 1
3 3 d 1
3 3 e 1
3 3 f 1
3 3 g 1
3 3 h 1
3 10 i 0
3 10 j 0
3 10 k 0
3 10 l 0
3 10 m 0
3 10 n 0
3 10 o 0
3 10 p 0
3 12 q 3
4 4 a 0
4 4 b 1
4 4 c 1
4 4 d 1
4 4 e 1
4 4 f 1
4 4 g 1
4 4 h 1
4 10 i 0
4 10 j 0
4 10 k 0
4 10 l 0
4 10 m 0
4 10 n 0
4 10 o 0
4 10 p 0
4 13 q 4
5 5 a 0
5 5 b 1
5 5 c 1
5 5 d 1
5 5 e 1
5 5 f 1
5 5 g 1
5 5 h 1
5 10 i 0
5 10 j 0
5 10 k 0
5 10 l 0
5 10 m 0
5 10 n 0
5 10 o 0
5 10 p 0
5 14 q 5
6 6 a 0
6 6 b 1
6 6 c 1
6 6 d 1
6 6 e 1
6 6 f 1
6 6 g 1
6 6 h 1
6 10 i 0
6 10 j 0
6 10 k 0
6 10 l 0
6 10 m 0
6 10 n 0
6 10 o 0
6 10 p 0
6 15 q 6
7 7 a 0
7 7 b 1
7 7 c 1
7 7 d 1
7 7 e 1
7 7 f 1
7 7 g 1
7 7 h 1
7 10 i 0
7 10 j 0
7 10 k 0
7 10 l 0
7 10 m 0
7 10 n 0
7 10 o 0
7 10 p 0
7 16 q 7
8 8 a 0
8 8 b 1
8 8 c 1
8 8 d 1
8 8 e 1
8 8 f 1
8 8 g 1
8 8 h 1
8 10 i 0
8 10 j 0
8 10 k 0
8 10 l 0
8 10 m 0
8 10 n 0
8 10 o 0
8 10 p 0
8 17 q 8
9 9 a 0
9 9 b 1
9 9 c 1
9 9 d 1
9 9 e 1
9 9 f 1
9 9 g 1
9 9 h 1
9 10 i 0
9 10 j 0
9 10 k 0
9 10 l 0
9 10 m 0
9 10 n 0
9 10 o 0
9 10 p 0
9 18 q 9
19 19 a 1
19 19 b 0
19 19 c 0
19 19 d 0
19 19 e 0
19 19 f 0
19 19 g 0
19 19 h 0
19 10 i 0
19 10 j 0
19 10 k 0
19 10 l 0
19 10 m 0
19 10 n 0
19 10 o 0
19 10 p 0
19 20 q 10
21 21 a 1
21 21 b 0
21 21 c 0
21 21 d 0
21 21 e 0
21 21 f 0
21 21 g 0
21 21 h 0
21 10 i 0
21 10 j 0
21 10 k 0
21 10 l 0
21 10 m 0
21 10 n 0
21 10 o 0
21 10 p 0
21 22 q 11
23 23 a 1
23 23 b 0
23 23 c 0
23 23 d 0
23 23 e 0
23 23 f 0
23 23 g 0
23 23 h 0
23 10 i 0
23 10 j 0
23 10 k 0
23 10 l 0
23 10 m 0
23 10 n 0
23 10 o 0
23 10 p 0
23 24 q 12
25 25 a 1
25 25 b 0
25 25 c 0
25 25 d 0
25 25 e 0
25 25 f 0
25 25 g 0
25 25 h 0
25 10 i 0
25 10 j 0
25 10 k 0
25 10 l 0
25 10 m 0
25 10 n 0
25 10 o 0
25 10 p 0
25 26 q 13
27 27 a 1
27 27 b 0
27 27 c 0
27 27 d 0
27 27 e 0
27 27 f 0
27 27 g 0
27 27 h 0
27 10 i 0
27 10 j 0
27 10 k 0
27 10 l 0
27 10 m 0
27 10 n 0
27 10 o 0
27 10 p 0
27 28 q 14
29 29 a 1
29 29 b 0
29 29 c 0
29 29 d 0
29 29 e 0
29 29 f 0
29 29 g 0
29 29 h 0
29 10 i 0
29 10 j 0
29 10 k 0
29 10 l 0
29 10 m 0
29 10 n 0
29 10 o 0
29 10 p 0
29 30 q 15
31 31 a 1
31 31 b 0
31 31 c 0
31 31 d 0
31 31 e 0
31 31 f 0
31 31 g 0
31 31 h 0
31 10 i 0
31 10 j 0
31 10 k 0
31 10 l 0
31 10 m 0
31 10 n 0
31 10 o 0
31 10 p 0
31 32 q 16
33 33 a 1
33 33 b 0
33 33 c 0
33 33 d 0
33 33 e 0
33 33 f 0
33 33 g 0
33 33 h 0
33 10 i 0
33 10 j 0
33 10 k 0
33 10 l 0
33 10 m 0
33 10 n 0
33 10 o 0
33 10 p 0
33 34 q 17
35 35 a 1
35 35 b 0
35 35 c 0
35 35 d 0
35 35 e 0
35 35 f 0
35 35 g 0
35 35 h 0
35 19 i 1
35 21 j 1
35 23 k 1
35 25 l 1
35 27 m 1
35 29 n 1
35 31 o 1
35 33 p 1
35 35 q 0
11 35 a 1
11 11 b 1
11 11 c 1
11 11 d 1
11 11 e 1
11 11 f 1
11 11 g 1
11 11 h 1
11 10 i 0
11 10 j 0
11 10 k 0
11 10 l 0
11 10 m 0
11 10 n 0
11 10 o 0
11 10 p 0
11 11 q 2
20 20 a 1
20 1 b 1
20 1 c 1
20 1 d 1
20 1 e 1
20 1 f 1
20 1 g 1
20 1 h 1
20 10 i 0
20 10 j 0
20 10 k 0
20 10 l 0
20 10 m 0
20 10 n 0
20 10 o 0
20 10 p 0
20 20 q 10
12 35 a 1
12 12 b 1
12 12 c 1
12 12 d 1
12 12 e 1
12 12 f 1
12 12 g 1
12 12 h 1
12 10 i 0
12 10 j 0
12 10 k 0
12 10 l 0
12 10 m 0
12 10 n 0
12 10 o 0
12 10 p 0
12 12 q 3
22 22 a 1
22 1 b 1
22 1 c 1
22 1 d 1
22 1 e 1
22 1 f 1
22 1 g 1
22 1 h 1
22 10 i 0
22 10 j 0
22 10 k 0
22 10 l 0
22 10 m 0
22 10 n 0
22 10 o 0
22 10 p 0
22 22 q 11
13 35 a 1
13 13 b 1
13 13 c 1
13 13 d 1
13 13 e 1
13 13 f 1
13 13 g 1
13 13 h 1
13 10 i 0
13 10 j 0
13 10 k 0
13 10 l 0
13 10 m 0
13 10 n 0
13 10 o 0
13 10 p 0
13 13 q 4
24 24 a 1
24 1 b 1
24 1 c 1
24 1 d 1
24 1 e 1
24 1 f 1
24 1 g 1
24 1 h 1
24 10 i 0
24 10 j 0
24 10 k 0
24 10 l 0
24 10 m 0
24 10 n 0
24 10 o 0
24 10 p 0
24 24 q 12
14 35 a 1
14 14 b 1
14 14 c 1
14 14 d 1
14 14 e 1
14 14 f 1
14 14 g 1
14 14 h 1
14 10 i 0
14 10 j 0
14 10 k 0
14 10 l 0
14 10 m 0
14 10 n 0
14 10 o 0
14 10 p 0
14 14 q 5
26 26 a 1
26 1 b 1
26 1 c 1
26 1 d 1
26 1 e 1
26 1 f 1
26 1 g 1
26 1 h 1
26 10 i 0
26 10 j 0
26 10 k 0
26 10 l 0
26 10 m 0
26 10 n 0
26 10 o 0
26 10 p 0
26 26 q 13
15 35 a 1
15 15 b 1
15 15 c 1
15 15 d 1
15 15 e 1
15 15 f 1
15 15 g 1
15 15 h 1
15 10 i 0
15 10 j 0
15 10 k 0
15 10 l 0
15 10 m 0
15 10 n 0
15 10 o 0
15 10 p 0
15 15 q 6
28 28 a 1
28 1 b 1
28 1 c 1
28 1 d 1
28 1 e 1
28 1 f 1
28 1 g 1
28 1 h 1
28 10 i 0
28 10 j 0
28 10 k 0
28 10 l 0
28 10 m 0
28 10 n 0
28 10 o 0
28 10 p 0
28 28 q 14
16 35 a 1
16 16 b 1
16 16 c 1
16 16 d 1
16 16 e 1
16 16 f 1
16 16 g 1
16 16 h 1
16 10 i 0
16 10 j 0
16 10 k 0
16 10 l 0
16 10 m 0
16 10 n 0
16 10 o 0
16 10 p 0
16 16 q 7
30 30 a 1
30 1 b 1
30 1 c 1
30 1 d 1
30 1 e 1
30 1 f 1
30 1 g 1
30 1 h 1
30 10 i 0
30 10 j 0
30 10 k 0
30 10 l 0
30 10 m 0
30 10 n 0
30 10 o 0
30 10 p 0
30 30 q 15
17 35 a 1
17 17 b 1
17 17 c 1
17 17 d 1
17 17 e 1
17 17 f 1
17 17 g 1
17 17 h 1
17 10 i 0
17 10 j 0
17 10 k 0
17 10 l 0
17 10 m 0
17 10 n 0
17 10 o 0
17 10 p 0
17 17 q 8
32 32 a 1
32 1 b 1
32 1 c 1
32 1 d 1
32 1 e 1
32 1 f 1
32 1 g 1
32 1 h 1
32 10 i 0
32 10 j 0
32 10 k 0
32 10 l 0
32 10 m 0
32 10 n 0
32 10 o 0
32 10 p 0
32 32 q 16
18 35 a 1
18 18 b 1
18 18 c 1
18 18 d 1
18 18 e 1
18 18 f 1
18 18 g 1
18 18 h 1
18 10 i 0
18 10 j 0
18 10 k 0
18 10 l 0
18 10 m 0
18 10 n 0
18 10 o 0
18 10 p 0
18 18 q 9
34 34 a 1
34 1 b 1
34 1 c 1
34 1 d 1
34 1 e 1
34 1 f 1
34 1 g 1
34 1 h 1
34 10 i 0
34 10 j 0
34 10 k 0
34 10 l 0
34 10 m 0
34 10 n 0
34 10 o 0
34 10 p 0
34 34 q 17

FSM 0
31 465
1 1 a 0
1 1 b 1
1 1 c 1
1 1 d 1
1 1 e 1
1 1 f 1
1 1 g 1
1 2 h 1
1 3 i 1
1 4 j 1
1 5 k 1
1 6 l 1
1 7 m 1
1 8 n 1
1 1 o 0
9 9 a 0
9 9 b 0
9 9 c 0
9 9 d 0
9 9 e 0
9 9 f 0
9 9 g 0
9 9 h 0
9 9 i 0
9 9 j 0
9 9 k 0
9 9 l 0
9 9 m 0
9 9 n 0
9 9 o 0
2 2 a 0
2 2 b 1
2 2 c 1
2 2 d 1
2 2 e 1
2 2 f 1
2 2 g 1
2 9 h 0
2 9 i 0
2 9 j 0
2 9 k 0
2 9 l 0
2 9 m 0
2 9 n 0
2 10 o 2
3 3 a 0
3 3 b 1
3 3 c 1
3 3 d 1
3 3 e 1
3 3 f 1
3 3 g 1
3 9 h 0
3 9 i 0
3 9 j 0
3 9 k 0
3 9 l 0
3 9 m 0
3 9 n 0
3 11 o 3
4 4 a 0
4 4 b 1
4 4 c 1
4 4 d 1
4 4 e 1
4 4 f 1
4 4 g 1
4 9 h 0
4 9 i 0
4 9 j 0
4 9 k 0
4 9 l 0
4 9 m 0
4 9 n 0
4 12 o 4
5 5 a 0
5 5 b 1
5 5 c 1
5 5 d 1
5 5 e 1
5 5 f 1
5 5 g 1
5 9 h 0
5 9 i 0
5 9 j 0
5 9 k 0
5 9 l 0
5 9 m 0
5 9 n 0
5 13 o 5
6 6 a 0
6 6 b 1
6 6 c 1
6 6 d 1
6 6 e 1
6 6 f 1
6 6 g 1
6 9 h 0
6 9 i 0
6 9 j 0
6 9 k 0
6 9 l 0
6 9 m 0
6 9 n 0
6 14 o 6
7 7 a 0
7 7 b 1
7 7 c 1
7 7 d 1
7 7 e 1
7 7 f 1
7 7 g 1
7 9 h 0
7 9 i 0
7 9 j 0
7 9 k 0
7 9 l 0
7 9 m 0
7 9 n 0
7 15 o 7
8 8 a 0
8 8 b 1
8 8 c 1
8 8 d 1
8 8 e 1
8 8 f 1
8 8 g 1
8 9 h 0
8 9 i 0
8 9 j 0
8 9 k 0
8 9 l 0
8 9 m 0
8 9 n 0
8 16 o 8
17 17 a 1
17 17 b 0
17 17 c 0
17 17 d 0
17 17 e 0
17 17 f 0
17 17 g 0
17 9 h 0
17 9 i 0
17 9 j 0
17 9 k 0
17 9 l 0
17 9 m 0
17 9 n 0
17 18 o 9
19 19 a 1
19 19 b 0
19 19 c 0
19 19 d 0
19 19 e 0
19 19 f 0
19 19 g 0
19 9 h 0
19 9 i 0
19 9 j 0
19 9 k 0
19 9 l 0
19 9 m 0
19 9 n 0
19 20 o 10
21 21 a 1
21 21 b 0
21 21 c 0
21 21 d 0
21 21 e 0
21 21 f 0
21 21 g 0
21 9 h 0
21 9 i 0
21 9 j 0
21 9 k 0
21 9 l 0
21 9 m 0
21 9 n 0
21 22 o 11
23 23 a 1
23 23 b 0
23 23 c 0
23 23 d 0
23 23 e 0
23 23 f 0
23 23 g 0
23 9 h 0
23 9 i 0
23 9 j 0
23 9 k 0
23 9 l 0
23 9 m 0
23 9 n 0
23 24 o 12
25 25 a 1
25 25 b 0
25 25 c 0
25 25 d 0
25 25 e 0
25 25 f 0
25 25 g 0
25 9 h 0
25 9 i 0
25 9 j 0
25 9 k 0
25 9 l 0
25 9 m 0
25 9 n 0
25 26 o 13
27 27 a 1
27 27 b 0
27 27 c 0
27 27 d 0
27 27 e 0
27 27 f 0
27 27 g 0
27 9 h 0
27 9 i 0
27 9 j 0
27 9 k 0
27 9 l 0
27 9 m 0
27 9 n 0
27 28 o 14
29 29 a 1
29 29 b 0
29 29 c 0
29 29 d 0
29 29 e 0
29 29 f 0
29 29 g 0
29 9 h 0
29 9 i 0
29 9 j 0
29 9 k 0
29 9 l 0
29 9 m 0
29 9 n 0
29 30 o 15
31 31 a 1
31 31 b 0
31 31 c 0
31 31 d 0
31 31 e 0
31 31 f 0
31 31 g 0
31 17 h 1
31 19 i 1
31 21 j 1
31 23 k 1
31 25 l 1
31 27 m 1
31 29 n 1
31 31 o 0
10 31 a 1
10 10 b 1
10 10 c 1
10 10 d 1
10 10 e 1
10 10 f 1
10 10 g 1
10 9 h 0
10 9 i 0
10 9 j 0
10 9 k 0
10 9 l 0
10 9 m 0
10 9 n 0
10 10 o 2
18 18 a 1
18 1 b 1
18 1 c 1
18 1 d 1
18 1 e 1
18 1 f 1
18 1 g 1
18 9 h 0
18 9 i 0
18 9 j 0
18 9 k 0
18 9 l 0
18 9 m 0
18 9 n 0
18 18 o 9
11 31 a 1
11 11 b 1
11 11 c 1
11 11 d 1
11 11 e 1
11 11 f 1
11 11 g 1
11 9 h 0
11 9 i 0
11 9 j 0
11 9 k 0
11 9 l 0
11 9 m 0
11 9 n 0
11 11 o 3
20 20 a 1
20 1 b 1
20 1 c 1
20 1 d 1
20 1 e 1
20 1 f 1
20 1 g 1
20 9 h 0
20 9 i 0
20 9 j 0
20 9 k 0
20 9 l 0
20 9 m 0
20 9 n 0
20 20 o 10
12 31 a 1
12 12 b 1
12 12 c 1
12 12 d 1
12 12 e 1
12 12 f 1
12 12 g 1
12 9 h 0
12 9 i 0
12 9 j 0
12 9 k 0
12 9 l 0
12 9 m 0
12 9 n 0
12 12 o 4
22 22 a 1
22 1 b 1
22 1 c 1
22 1 d 1
22 1 e 1
22 1 f 1
22 1 g 1
22 9 h 0
22 9 i 0
22 9 j 0
22 9 k 0
22 9 l 0
22 9 m 0
22 9 n 0
22 22 o 11
13 31 a 1
13 13 b 1
13 13 c 1
13 13 d 1
13 13 e 1
13 13 f 1
13 13 g 1
13 9 h 0
13 9 i 0
13 9 j 0
13 9 k 0
13 9 l 0
13 9 m 0
13 9 n 0
13 13 o 5
24 24 a 1
24 1 b 1
24 1 c 1
24 1 d 1
24 1 e 1
24 1 f 1
24 1 g 1
24 9 h 0
24 9 i 0
24 9 j 0
24 9 k 0
24 9 l 0
24 9 m 0
24 9 n 0
24 24 o 12
14 31 a 1
14 14 b 1
14 14 c 1
14 14 d 1
14 14 e 1
14 14 f 1
14 14 g 1
14 9 h 0
14 9 i 0
14 9 j 0
14 9 k 0
14 9 l 0
14 9 m 0
14 9 n 0
14 14 o 6
26 26 a 1
26 1 b 1
26 1 c 1
26 1 d 1
26 1 e 1
26 1 f 1
26 1 g 1
26 9 h 0
26 9 i 0
26 9 j 0
26 9 k 0
26 9 l 0
26 9 m 0
26 9 n 0
26 26 o 13
15 31 a 1
15 15 b 1
15 15 c 1
15 15 d 1
15 15 e 1
15 15 f 1
15 15 g 1
15 9 h 0
15 9 i 0
15 9 j 0
15 9 k 0
15 9 l 0
15 9 m 0
15 9 n 0
15 15 o 7
28 28 a 1
28 1 b 1
28 1 c 1
28 1 d 1
28 1 e 1
28 1 f 1
28 1 g 1
28 9 h 0
28 9 i 0
28 9 j 0
28 9 k 0
28 9 l 0
28 9 m 0
28 9 n 0
28 28 o 14
16 31 a 1
16 16 b 1
16 16 c 1
16 16 d 1
16 16 e 1
16 16 f 1
16 16 g 1
16 9 h 0
16 9 i 0
16 9 j 0
16 9 k 0
16 9 l 0
16 9 m 0
16 9 n 0
16 16 o 8
30 30 a 1
30 1 b 1
30 1 c 1
30 1 d 1
30 1 e 1
30 1 f 1
30 1 g 1
30 9 h 0
30 9 i 0
30 9 j 0
30 9 k 0
30 9 l 0
30 9 m 0
30 9 n 0
30 30 o 15

FSM 0
27 351
1 1 a 0
1 1 b 1
1 1 c 1
1 1 d 1
1 1 e 1
1 1 f 1
1 2 g 1
1 3 h 1
1 4 i 1
1 5 j 1
1 6 k 1
1 7 l 1
1 1 m 0
8 8 a 0
8 8 b 0
8 8 c 0
8 8 d 0
8 8 e 0
8 8 f 0
8 8 g 0
8 8 h 0
8 8 i 0
8 8 j 0
8 8 k 0
8 8 l 0
8 8 m 0
2 2 a 0
2 2 b 1
2 2 c 1
2 2 d 1
2 2 e 1
2 2 f 1
2 8 g 0
2 8 h 0
2 8 i 0
2 8 j 0
2 8 k 0
2 8 l 0
2 9 m 2
3 3 a 0
3 3 b 1
3 3 c 1
3 3 d 1
3 3 e 1
3 3 f 1
3 8 g 0
3 8 h 0
3 8 i 0
3 8 j 0
3 8 k 0
3 8 l 0
3 10 m 3
4 4 a 0
4 4 b 1
4 4 c 1
4 4 d 1
4 4 e 1
4 4 f 1
4 8 g 0
4 8 h 0
4 8 i 0
4 8 j 0
4 8 k 0
4 8 l 0
4 11 m 4
5 5 a 0
5 5 b 1
5 5 c 1
5 5 d 1
5 5 e 1
5 5 f 1
5 8 g 0
5 8 h 0
5 8 i 0
5 8 j 0
5 8 k 0
5 8 l 0
5 12 m 5
6 6 a 0
6 6 b 1
6 6 c 1
6 6 d 1
6 6 e 1
6 6 f 1
6 8 g 0
6 8 h 0
6 8 i 0
6 8 j 0
6 8 k 0
6 8 l 0
6 13 m 6
7 7 a 0
7 7 b 1
7 7 c 1
7 7 d 1
7 7 e 1
7 7 f 1
7 8 g 0
7 8 h 0
7 8 i 0
7 8 j 0
7 8 k 0
7 8 l 0
7 14 m 7
15 15 a 1
15 15 b 0
15 15 c 0
15 15 d 0
15 15 e 0
15 15 f 0
15 8 g 0
15 8 h 0
15 8 i 0
15 8 j 0
15 8 k 0
15 8 l 0
15 16 m 8
17 17 a 1
17 17 b 0
17 17 c 0
17 17 d 0
17 17 e 0
17 17 f 0
17 8 g 0
17 8 h 0
17 8 i 0
17 8 j 0
17 8 k 0
17 8 l 0
17 18 m 9
19 19 a 1
19 19 b 0
19 19 c 0
19 19 d 0
19 19 e 0
19 19 f 0
19 8 g 0
19 8 h 0
19 8 i 0
19 8 j 0
19 8 k 0
19 8 l 0
19 20 m 10
21 21 a 1
21 21 b 0
21 21 c 0
21 21 d 0
21 21 e 0
21 21 f 0
21 8 g 0
21 8 h 0
21 8 i 0
21 8 j 0
21 8 k 0
21 8 l 0
21 22 m 11
23 23 a 1
23 23 b 0
23 23 c 0
23 23 d 0
23 23 e 0
23 23 f 0
23 8 g 0
23 8 h 0
23 8 i 0
23 8 j 0
23 8 k 0
23 8 l 0
23 24 m 12
25 25 a 1
25 25 b 0
25 25 c 0
25 25 d 0
25 25 e 0
25 25 f 0
25 8 g 0
25 8 h 0
25 8 i 0
25 8 j 0
25 8 k 0
25 8 l 0
25 26 m 13
27 27 a 1
27 27 b 0
27 27 c 0
27 27 d 0
27 27 e 0
27 27 f 0
27 15 g 1
27 17 h 1
27 19 i 1
27 21 j 1
27 23 k 1
27 25 l 1
27 27 m 0
9 27 a 1
9 9 b 1
9 9 c 1
9 9 d 1
9 9 e 1
9 9 f 1
9 8 g 0
9 8 h 0
9 8 i 0
9 8 j 0
9 8 k 0
9 8 l 0
9 9 m 2
16 16 a 1
16 1 b 1
16 1 c 1
16 1 d 1
16 1 e 1
16 1 f 1
16 8 g 0
16 8 h 0
16 8 i 0
16 8 j 0
16 8 k 0
16 8 l 0
16 16 m 8
10 27 a 1
10 10 b 1
10 10 c 1
10 10 d 1
10 10 e 1
10 10 f 1
10 8 g 0
10 8 h 0
10 8 i 0
10 8 j 0
10 8 k 0
10 8 l 0
10 10 m 3
18 18 a 1
18 1 b 1
18 1 c 1
18 1 d 1
18 1 e 1
18 1 f 1
18 8 g 0
18 8 h 0
18 8 i 0
18 8 j 0
18 8 k 0
18 8 l 0
18 18 m 9
11 27 a 1
11 11 b 1
11 11 c 1
11 11 d 1
11 11 e 1
11 11 f 1
11 8 g 0
11 8 h 0
11 8 i 0
11 8 j 0
11 8 k 0
11 8 l 0
11 11 m 4
20 20 a 1
20 1 b 1
20 1 c 1
20 1 d 1
20 1 e 1
20 1 f 1
20 8 g 0
20 8 h 0
20 8 i 0
20 8 j 0
20 8 k 0
20 8 l 0
20 20 m 10
12 27 a 1
12 12 b 1
12 12 c 1
12 12 d 1
12 12 e 1
12 12 f 1
12 8 g 0
12 8 h 0
12 8 i 0
12 8 j 0
12 8 k 0
12 8 l 0
12 12 m 5
22 22 a 1
22 1 b 1
22 1 c 1
22 1 d 1
22 1 e 1
22 1 f 1
22 8 g 0
22 8 h 0
22 8 i 0
22 8 j 0
22 8 k 0
22 8 l 0
22 22 m 11
13 27 a 1
13 13 b 1
13 13 c 1
13 13 d 1
13 13 e 1
13 13 f 1
13 8 g 0
13 8 h 0
13 8 i 0
13 8 j 0
13 8 k 0
13 8 l 0
13 13 m 6
24 24 a 1
24 1 b 1
24 1 c 1
24 1 d 1
24 1 e 1
24 1 f 1
24 8 g 0
24 8 h 0
24 8 i 0
24 8 j 0
24 8 k 0
24 8 l 0
24 24 m 12
14 27 a 1
14 14 b 1
14 14 c 1
14 14 d 1
14 14 e 1
14 14 f 1
14 8 g 0
14 8 h 0
14 8 i 0
14 8 j 0
14 8 k 0
14 8 l 0
14 14 m 7
26 26 a 1
26 1 b 1
26 1 c 1
26 1 d 1
26 1 e 1
26 1 f 1
26 8 g 0
26 8 h 0
26 8 i 0
26 8 j 0
26 8 k 0
26 8 l 0
26 26 m 13

FSM 0
23 253
1 1 a 0
1 1 b 1
1 1 c 1
1 1 d 1
1 1 e 1
1 2 f 1
1 3 g 1
1 4 h 1
1 5 i 1
1 6 j 1
1 1 k 0
7 7 a 0
7 7 b 0
7 7 c 0
7 7 d 0
7 7 e 0
7 7 f 0
7 7 g 0
7 7 h 0
7 7 i 0
7 7 j 0
7 7 k 0
2 2 a 0
2 2 b 1
2 2 c 1
2 2 d 1
2 2 e 1
2 7 f 0
2 7 g 0
2 7 h 0
2 7 i 0
2 7 j 0
2 8 k 2
3 3 a 0
3 3 b 1
3 3 c 1
3 3 d 1
3 3 e 1
3 7 f 0
3 7 g 0
3 7 h 0
3 7 i 0
3 7 j 0
3 9 k 3
4 4 a 0
4 4 b 1
4 4 c 1
4 4 d 1
4 4 e 1
4 7 f 0
4 7 g 0
4 7 h 0
4 7 i 0
4 7 j 0
4 10 k 4
5 5 a 0
5 5 b 1
5 5 c 1
5 5 d 1
5 5 e 1
5 7 f 0
5 7 g 0
5 7 h 0
5 7 i 0
5 7 j 0
5 11 k 5
6 6 a 0
6 6 b 1
6 6 c 1
6 6 d 1
6 6 e 1
6 7 f 0
6 7 g 0
6 7 h 0
6 7 i 0
6 7 j 0
6 12 k 6
13 13 a 1
13 13 b 0
13 13 c 0
13 13 d 0
13 13 e 0
13 7 f 0
13 7 g 0
13 7 h 0
13 7 i 0
13 7 j 0
13 14 k 7
15 15 a 1
15 15 b 0
15 15 c 0
15 15 d 0
15 15 e 0
15 7 f 0
15 7 g 0
15 7 h 0
15 7 i 0
15 7 j 0
15 16 k 8
17 17 a 1
17 17 b 0
17 17 c 0
17 17 d 0
17 17 e 0
17 7 f 0
17 7 g 0
17 7 h 0
17 7 i 0
17 7 j 0
17 18 k 9
19 19 a 1
19 19 b 0
19 19 c 0
19 19 d 0
19 19 e 0
19 7 f 0
19 7 g 0
19 7 h 0
19 7 i 0
19 7 j 0
19 20 k 10
21 21 a 1
21 21 b 0
21 21 c 0
21 21 d 0
21 21 e 0
21 7 f 0
21 7 g 0
21 7 h 0
21 7 i 0
21 7 j 0
21 22 k 11
23 23 a 1
23 23 b 0
23 23 c 0
23 23 d 0
23 23 e 0
23 13 f 1
23 15 g 1
23 17 h 1
23 19 i 1
23 21 j 1
23 23 k 0
8 23 a 1
8 8 b 1
8 8 c 1
8 8 d 1
8 8 e 1
8 7 f 0
8 7 g 0
8 7 h 0
8 7 i 0
8 7 j 0
8 8 k 2
14 14 a 1
14 1 b 1
14 1 c 1
14 1 d 1
14 1 e 1
14 7 f 0
14 7 g 0
14 7 h 0
14 7 i 0
14 7 j 0
14 14 k 7
9 23 a 1
9 9 b 1
9 9 c 1
9 9 d 1
9 9 e 1
9 7 f 0
9 7 g 0
9 7 h 0
9 7 i 0
9 7 j 0
9 9 k 3
16 16 a 1
16 1 b 1
16 1 c 1
16 1 d 1
16 1 e 1
16 7 f 0
16 7 g 0
16 7 h 0
16 7 i 0
16 7 j 0
16 16 k 8
10 23 a 1
10 10 b 1
10 10 c 1
10 10 d 1
10 10 e 1
10 7 f 0
10 7 g 0
10 7 h 0
10 7 i 0
10 7 j 0
10 10 k 4
18 18 a 1
18 1 b 1
18 1 c 1
18 1 d 1
18 1 e 1
18 7 f 0
18 7 g 0
18 7 h 0
18 7 i 0
18 7 j 0
18 18 k 9
11 23 a 1
11 11 b 1
11 11 c 1
11 11 d 1
11 11 e 1
11 7 f 0
11 7 g 0
11 7 h 0
11 7 i 0
11 7 j 0
11 11 k 5
20 20 a 1
20 1 b 1
20 1 c 1
20 1 d 1
20 1 e 1
20 7 f 0
20 7 g 0
20 7 h 0
20 7 i 0
20 7 j 0
20 20 k 10
12 23 a 1
12 12 b 1
12 12 c 1
12 12 d 1
12 12 e 1
12 7 f 0
12 7 g 0
12 7 h 0
12 7 i 0
12 7 j 0
12 12 k 6
22 22 a 1
22 1 b 1
22 1 c 1
22 1 d 1
22 1 e 1
22 7 f 0
22 7 g 0
22 7 h 0
22 7 i 0
22 7 j 0
22 22 k 11

FSM 0
19 171
1 1 a 0
1 1 b 1
1 1 c 1
1 1 d 1
1 2 e 1
1 3 f 1
1 4 g 1
1 5 h 1
1 1 i 0
6 6 a 0
6 6 b 0
6 6 c 0
6 6 d 0
6 6 e 0
6 6 f 0
6 6 g 0
6 6 h 0
6 6 i 0
2 2 a 0
2 2 b 1
2 2 c 1
2 2 d 1
2 6 e 0
2 6 f 0
2 6 g 0
2 6 h 0
2 7 i 2
3 3 a 0
3 3 b 1
3 3 c 1
3 3 d 1
3 6 e 0
3 6 f 0
3 6 g 0
3 6 h 0
3 8 i 3
4 4 a 0
4 4 b 1
4 4 c 1
4 4 d 1
4 6 e 0
4 6 f 0
4 6 g 0
4 6 h 0
4 9 i 4
5 5 a 0
5 5 b 1
5 5 c 1
5 5 d 1
5 6 e 0
5 6 f 0
5 6 g 0
5 6 h 0
5 10 i 5
11 11 a 1
11 11 b 0
11 11 c 0
11 11 d 0
11 6 e 0
11 6 f 0
11 6 g 0
11 6 h 0
11 12 i 6
13 13 a 1
13 13 b 0
13 13 c 0
13 13 d 0
13 6 e 0
13 6 f 0
13 6 g 0
13 6 h 0
13 14 i 7
15 15 a 1
15 15 b 0
15 15 c 0
15 15 d 0
15 6 e 0
15 6 f 0
15 6 g 0
15 6 h 0
15 16 i 8
17 17 a 1
17 17 b 0
17 17 c 0
17 17 d 0
17 6 e 0
17 6 f 0
17 6 g 0
17 6 h 0
17 18 i 9
19 19 a 1
19 19 b 0
19 19 c 0
19 19 d 0
19 11 e 1
19 13 f 1
19 15 g 1
19 17 h 1
19 19 i 0
7 19 a 1
7 7 b 1
7 7 c 1
7 7 d 1
7 6 e 0
7 6 f 0
7 6 g 0
7 6 h 0
7 7 i 2
12 12 a 1
12 1 b 1
12 1 c 1
12 1 d 1
12 6 e 0
12 6 f 0
12 6 g 0
12 6 h 0
12 12 i 6
8 19 a 1
8 8 b 1
8 8 c 1
8 8 d 1
8 6 e 0
8 6 f 0
8 6 g 0
8 6 h 0
8 8 i 3
14 14 a 1
14 1 b 1
14 1 c 1
14 1 d 1
14 6 e 0
14 6 f 0
14 6 g 0
14 6 h 0
14 14 i 7
9 19 a 1
9 9 b 1
9 9 c 1
9 9 d 1
9 6 e 0
9 6 f 0
9 6 g 0
9 6 h 0
9 9 i 4
16 16 a 1
16 1 b 1
16 1 c 1
16 1 d 1
16 6 e 0
16 6 f 0
16 6 g 0
16 6 h 0
16 16 i 8
10 19 a 1
10 10 b 1
10 10 c 1
10 10 d 1
10 6 e 0
10 6 f 0
10 6 g 0
10 6 h 0
10 10 i 5
18 18 a 1
18 1 b 1
18 1 c 1
18 1 d 1
18 6 e 0
18 6 f 0
18 6 g 0
18 6 h 0
18 18 i 9

FSM 0
15 105
1 1 a 0
1 1 b 1
1 1 c 1
1 2 d 1
1 3 e 1
1 4 f 1
1 1 g 0
5 5 a 0
5 5 b 0
5 5 c 0
5 5 d 0
5 5 e 0
5 5 f 0
5 5 g 0
2 2 a 0
2 2 b 1
2 2 c 1
2 5 d 0
2 5 e 0
2 5 f 0
2 6 g 2
3 3 a 0
3 3 b 1
3 3 c 1
3 5 d 0
3 5 e 0
3 5 f 0
3 7 g 3
4 4 a 0
4 4 b 1
4 4 c 1
4 5 d 0
4 5 e 0
4 5 f 0
4 8 g 4
9 9 a 1
9 9 b 0
9 9 c 0
9 5 d 0
9 5 e 0
9 5 f 0
9 10 g 5
11 11 a 1
11 11 b 0
11 11 c 0
11 5 d 0
11 5 e 0
11 5 f 0
11 12 g 6
13 13 a 1
13 13 b 0
13 13 c 0
13 5 d 0
13 5 e 0
13 5 f 0
13 14 g 7
15 15 a 1
15 15 b 0
15 15 c 0
15 9 d 1
15 11 e 1
15 13 f 1
15 15 g 0
6 15 a 1
6 6 b 1
6 6 c 1
6 5 d 0
6 5 e 0
6 5 f 0
6 6 g 2
10 10 a 1
10 1 b 1
10 1 c 1
10 5 d 0
10 5 e 0
10 5 f 0
10 10 g 5
7 15 a 1
7 7 b 1
7 7 c 1
7 5 d 0
7 5 e 0
7 5 f 0
7 7 g 3
12 12 a 1
12 1 b 1
12 1 c 1
12 5 d 0
12 5 e 0
12 5 f 0
12 12 g 6
8 15 a 1
8 8 b 1
8 8 c 1
8 5 d 0
8 5 e 0
8 5 f 0
8 8 g 4
14 14 a 1
14 1 b 1
14 1 c 1
14 5 d 0
14 5 e 0
14 5 f 0
14 14 g 7

FSM 0
11 55
1 1 a 0
1 1 b 1
1 2 c 1
1 3 d 1
1 1 e 0
4 4 a 0
4 4 b 0
4 4 c 0
4 4 d 0
4 4 e 0
2 2 a 0
2 2 b 1
2 4 c 0
2 4 d 0
2 5 e 2
3 3 a 0
3 3 b 1
3 4 c 0
3 4 d 0
3 6 e 3
7 7 a 1
7 7 b 0
7 4 c 0
7 4 d 0
7 8 e 4
9 9 a 1
9 9 b 0
9 4 c 0
9 4 d 0
9 10 e 5
11 11 a 1
11 11 b 0
11 7 c 1
11 9 d 1
11 11 e 0
5 11 a 1
5 5 b 1
5 4 c 0
5 4 d 0
5 5 e 2
8 8 a 1
8 1 b 1
8 4 c 0
8 4 d 0
8 8 e 4
6 11 a 1
6 6 b 1
6 4 c 0
6 4 d 0
6 6 e 3
10 10 a 1
10 1 b 1
10 4 c 0
10 4 d 0
10 10 e 5

FSM 0
17 306
1 2 a 0
1 3 b 0
1 4 c 0
1 5 d 0
1 6 e 0
1 7 f 0
1 8 g 0
1 9 h 0
1 10 i 0
1 11 j 0
1 12 k 0
1 13 l 0
1 14 m 0
1 15 n 0
1 16 o 0
1 17 p 0
1 1 q 0
1 1 r 1
2 2 a 0
2 3 b 0
2 4 c 0
2 5 d 0
2 6 e 0
2 7 f 0
2 8 g 0
2 9 h 0
2 10 i 0
2 11 j 0
2 12 k 0
2 13 l 0
2 14 m 0
2 15 n 0
2 16 o 0
2 17 p 0
2 1 q 0
2 1 r 2
3 2 a 0
3 3 b 0
3 4 c 0
3 5 d 0
3 6 e 0
3 7 f 0
3 8 g 0
3 9 h 0
3 10 i 0
3 11 j 0
3 12 k 0
3 13 l 0
3 14 m 0
3 15 n 0
3 16 o 0
3 17 p 0
3 1 q 0
3 1 r 3
4 2 a 0
4 3 b 0
4 4 c 0
4 5 d 0
4 6 e 0
4 7 f 0
4 8 g 0
4 9 h 0
4 10 i 0
4 11 j 0
4 12 k 0
4 13 l 0
4 14 m 0
4 15 n 0
4 16 o 0
4 17 p 0
4 1 q 0
4 1 r 4
5 2 a 0
5 3 b 0
5 4 c 0
5 5 d 0
5 6 e 0
5 7 f 0
5 8 g 0
5 9 h 0
5 10 i 0
5 11 j 0
5 12 k 0
5 13 l 0
5 14 m 0
5 15 n 0
5 16 o 0
5 17 p 0
5 1 q 0
5 1 r 5
6 2 a 0
6 3 b 0
6 4 c 0
6 5 d 0
6 6 e 0
6 7 f 0
6 8 g 0
6 9 h 0
6 10 i 0
6 11 j 0
6 12 k 0
6 13 l 0
6 14 m 0
6 15 n 0
6 16 o 0
6 17 p 0
6 1 q 0
6 1 r 6
7 2 a 0
7 3 b 0
7 4 c 0
7 5 d 0
7 6 e 0
7 7 f 0
7 8 g 0
7 9 h 0
7 10 i 0
7 11 j 0
7 12 k 0
7 13 l 0
7 14 m 0
7 15 n 0
7 16 o 0
7 17 p 0
7 1 q 0
7 1 r 7
8 2 a 0
8 3 b 0
8 4 c 0
8 5 d 0
8 6 e 0
8 7 f 0
8 8 g 0
8 9 h 0
8 10 i 0
8 11 j 0
8 12 k 0
8 13 l 0
8 14 m 0
8 15 n 0
8 16 o 0
8 17 p 0
8 1 q 0
8 1 r 8
9 2 a 0
9 3 b 0
9 4 c 0
9 5 d 0
9 6 e 0
9 7 f 0
9 8 g 0
9 9 h 0
9 10 i 0
9 11 j 0
9 12 k 0
9 13 l 0
9 14 m 0
9 15 n 0
9 16 o 0
9 17 p 0
9 1 q 0
9 1 r 9
10 2 a 0
10 3 b 0
10 4 c 0
10 5 d 0
10 6 e 0
10 7 f 0
10 8 g 0
10 9 h 0
10 10 i 0
10 11 j 0
10 12 k 0
10 13 l 0
10 14 m 0
10 15 n 0
10 16 o 0
10 17 p 0
10 1 q 0
10 1 r 10
11 2 a 0
11 3 b 0
11 4 c 0
11 5 d 0
11 6 e 0
11 7 f 0
11 8 g 0
11 9 h 0
11 10 i 0
11 11 j 0
11 12 k 0
11 13 l 0
11 14 m 0
11 15 n 0
11 16 o 0
11 17 p 0
11 1 q 0
11 1 r 11
12 2 a 0
12 3 b 0
12 4 c 0
12 5 d 0
12 6 e 0
12 7 f 0
12 8 g 0
12 9 h 0
12 10 i 0
12 11 j 0
12 12 k 0
12 13 l 0
12 14 m 0
12 15 n 0
12 16 o 0
12 17 p 0
12 1 q 0
12 1 r 12
13 2 a 0
13 3 b 0
13 4 c 0
13 5 d 0
13 6 e 0
13 7 f 0
13 8 g 0
13 9 h 0
13 10 i 0
13 11 j 0
13 12 k 0
13 13 l 0
13 14 m 0
13 15 n 0
13 16 o 0
13 17 p 0
13 1 q 0
13 1 r 13
14 2 a 0
14 3 b 0
14 4 c 0
14 5 d 0
14 6 e 0
14 7 f 0
14 8 g 0
14 9 h 0
14 10 i 0
14 11 j 0
14 12 k 0
14 13 l 0
14 14 m 0
14 15 n 0
14 16 o 0
14 17 p 0
14 1 q 0
14 1 r 14
15 2 a 0
15 3 b 0
15 4 c 0
15 5 d 0
15 6 e 0
15 7 f 0
15 8 g 0
15 9 h 0
15 10 i 0
15 11 j 0
15 12 k 0
15 13 l 0
15 14 m 0
15 15 n 0
15 16 o 0
15 17 p 0
15 1 q 0
15 1 r 15
16 2 a 0
16 3 b 0
16 4 c 0
16 5 d 0
16 6 e 0
16 7 f 0
16 8 g 0
16 9 h 0
16 10 i 0
16 11 j 0
16 12 k 0
16 13 l 0
16 14 m 0
16 15 n 0
16 16 o 0
16 17 p 0
16 1 q 0
16 1 r 16
17 2 a 0
17 3 b 0
17 4 c 0
17 5 d 0
17 6 e 0
17 7 f 0
17 8 g 0
17 9 h 0
17 10 i 0
17 11 j 0
17 12 k 0
17 13 l 0
17 14 m 0
17 15 n 0
17 16 o 0
17 17 p 0
17 1 q 0
17 1 r 17

FSM 0
10 110
1 2 a 0
1 3 b 0
1 4 c 0
1 5 d 0
1 6 e 0
1 7 f 0
1 8 g 0
1 9 h 0
1 10 i 0
1 1 j 0
1 1 k 1
2 2 a 0
2 3 b 0
2 4 c 0
2 5 d 0
2 6 e 0
2 7 f 0
2 8 g 0
2 9 h 0
2 10 i 0
2 1 j 0
2 1 k 2
3 2 a 0
3 3 b 0
3 4 c 0
3 5 d 0
3 6 e 0
3 7 f 0
3 8 g 0
3 9 h 0
3 10 i 0
3 1 j 0
3 1 k 3
4 2 a 0
4 3 b 0
4 4 c 0
4 5 d 0
4 6 e 0
4 7 f 0
4 8 g 0
4 9 h 0
4 10 i 0
4 1 j 0
4 1 k 4
5 2 a 0
5 3 b 0
5 4 c 0
5 5 d 0
5 6 e 0
5 7 f 0
5 8 g 0
5 9 h 0
5 10 i 0
5 1 j 0
5 1 k 5
6 2 a 0
6 3 b 0
6 4 c 0
6 5 d 0
6 6 e 0
6 7 f 0
6 8 g 0
6 9 h 0
6 10 i 0
6 1 j 0
6 1 k 6
7 2 a 0
7 3 b 0
7 4 c 0
7 5 d 0
7 6 e 0
7 7 f 0
7 8 g 0
7 9 h 0
7 10 i 0
7 1 j 0
7 1 k 7
8 2 a 0
8 3 b 0
8 4 c 0
8 5 d 0
8 6 e 0
8 7 f 0
8 8 g 0
8 9 h 0
8 10 i 0
8 1 j 0
8 1 k 8
9 2 a 0
9 3 b 0
9 4 c 0
9 5 d 0
9 6 e 0
9 7 f 0
9 8 g 0
9 9 h 0
9 10 i 0
9 1 j 0
9 1 k 9
10 2 a 0
10 3 b 0
10 4 c 0
10 5 d 0
10 6 e 0
10 7 f 0
10 8 g 0
10 9 h 0
10 10 i 0
10 1 j 0
10 1 k 10